image: gazebo.pgm
resolution: 0.050000
origin: [-100.450000, -99.000000, 0.00000]
negate: 0
occupied_thresh: 0.65
free_thresh: 0.196

